1.670133769512176514e-01 1.825717389583587646e-01 9.840569496154785156e-01 9.430058002471923828e-01
5.164694190025329590e-01 4.321483671665191650e-01 7.145383358001708984e-01 6.081770658493041992e-01
6.472955942153930664e-01 5.623826980590820312e-01 6.944577693939208984e-01 6.091702580451965332e-01
6.692999601364135742e-01 4.593317508697509766e-01 7.188295722007751465e-01 5.017577409744262695e-01
6.962523460388183594e-01 5.601490736007690430e-01 7.454225420951843262e-01 6.085551381111145020e-01
6.712636947631835938e-01 5.615574121475219727e-01 7.203009128570556641e-01 6.094913482666015625e-01
6.696190834045410156e-01 4.851050674915313721e-01 7.189138531684875488e-01 5.296012163162231445e-01
6.959445476531982422e-01 5.361517071723937988e-01 7.451528906822204590e-01 5.836641192436218262e-01
7.235737442970275879e-01 5.347884893417358398e-01 7.706842422485351562e-01 5.825315117835998535e-01
7.240637540817260742e-01 5.592645406723022461e-01 7.714796066284179688e-01 6.080305576324462891e-01
6.680483818054199219e-01 4.344983994960784912e-01 7.197463512420654297e-01 4.745359420776367188e-01
6.951118111610412598e-01 4.578390121459960938e-01 7.430772781372070312e-01 5.010189414024353027e-01
6.961492300033569336e-01 5.111411809921264648e-01 7.439767718315124512e-01 5.566676855087280273e-01
6.957294940948486328e-01 4.830111265182495117e-01 7.435190081596374512e-01 5.286768674850463867e-01
6.708499193191528320e-01 5.129236578941345215e-01 7.190053462982177734e-01 5.576974749565124512e-01
6.475386619567871094e-01 5.376883149147033691e-01 6.959834694862365723e-01 5.850990414619445801e-01
3.813892602920532227e-02 1.121055781841278076e-01 9.573404788970947266e-01 8.962963819503784180e-01
6.711823940277099609e-01 5.370894670486450195e-01 7.211177945137023926e-01 5.847539901733398438e-01
6.987151503562927246e-01 5.852156281471252441e-01 7.451712489128112793e-01 6.321589350700378418e-01
6.473600268363952637e-01 5.132452249526977539e-01 6.944097280502319336e-01 5.580024719238281250e-01
6.470635533332824707e-01 5.877510309219360352e-01 6.922420859336853027e-01 6.329147219657897949e-01
6.202129125595092773e-01 5.626904964447021484e-01 6.694517135620117188e-01 6.079261302947998047e-01
7.231861352920532227e-01 5.097979307174682617e-01 7.696755528450012207e-01 5.557220578193664551e-01
6.723335385322570801e-01 5.865207910537719727e-01 7.189314365386962891e-01 6.330804228782653809e-01
6.465052366256713867e-01 4.856087863445281982e-01 6.938992738723754883e-01 5.298290252685546875e-01
4.570157527923583984e-01 4.234291315078735352e-01 6.604737043380737305e-01 5.998852252960205078e-01
6.212199926376342773e-01 5.375306606292724609e-01 6.697525978088378906e-01 5.835248231887817383e-01
5.094960331916809082e-01 4.444527924060821533e-01 7.144458889961242676e-01 6.400827765464782715e-01
7.248399853706359863e-01 5.824698805809020996e-01 7.720744609832763672e-01 6.310120820999145508e-01
6.206415295600891113e-01 5.129871368408203125e-01 6.690067648887634277e-01 5.570374727249145508e-01
6.453806161880493164e-01 4.604617059230804443e-01 6.946758627891540527e-01 5.018048286437988281e-01
6.449919342994689941e-01 4.363951981067657471e-01 6.944202184677124023e-01 4.727998673915863037e-01
5.155611634254455566e-01 4.072530269622802734e-01 7.100236415863037109e-01 5.683285593986511230e-01
7.509011626243591309e-01 5.559258460998535156e-01 7.982109785079956055e-01 6.059803962707519531e-01
5.538331866264343262e-01 4.265640974044799805e-01 7.714779973030090332e-01 6.126453876495361328e-01
4.624311327934265137e-01 3.981578648090362549e-01 6.539362668991088867e-01 5.590378046035766602e-01
7.234044671058654785e-01 4.814904332160949707e-01 7.681826949119567871e-01 5.278795361518859863e-01
6.979851722717285156e-01 4.347924590110778809e-01 7.443750500679016113e-01 4.751607179641723633e-01
7.508297562599182129e-01 5.312262773513793945e-01 7.978165149688720703e-01 5.806958079338073730e-01
6.200920939445495605e-01 5.897435545921325684e-01 6.695972681045532227e-01 6.326149702072143555e-01
4.474933147430419922e-01 4.428461194038391113e-01 6.655077934265136719e-01 6.412846446037292480e-01
5.919737815856933594e-01 5.377169847488403320e-01 6.444276571273803711e-01 5.823044776916503906e-01
5.915616154670715332e-01 5.146182775497436523e-01 6.445400118827819824e-01 5.561087727546691895e-01
6.197624802589416504e-01 4.860555827617645264e-01 6.686793565750122070e-01 5.288687944412231445e-01
4.033761024475097656e-01 4.120603203773498535e-01 6.061094999313354492e-01 5.972611308097839355e-01
1.988853216171264648e-01 4.531888961791992188e-01 2.521314024925231934e-01 5.024316310882568359e-01
6.732074022293090820e-01 4.160366356372833252e-01 7.216492295265197754e-01 4.471658766269683838e-01
7.918041348457336426e-01 4.013559222221374512e-01 7.925631999969482422e-01 4.043193161487579346e-01
7.266042828559875488e-01 4.568630456924438477e-01 7.678474187850952148e-01 5.005909800529479980e-01
1.827982664108276367e-01 1.979056596755981445e-01 1.000000000000000000e+00 9.343484640121459961e-01
1.961246728897094727e-01 4.808128476142883301e-01 2.516552507877349854e-01 5.281495451927185059e-01
7.514063119888305664e-01 5.800389647483825684e-01 7.990609407424926758e-01 6.298797726631164551e-01
6.985692381858825684e-01 6.102360486984252930e-01 7.444556355476379395e-01 6.560265421867370605e-01
5.910009145736694336e-01 5.627271533012390137e-01 6.455628871917724609e-01 6.065160632133483887e-01
8.417037129402160645e-02 1.390474438667297363e-01 9.782345294952392578e-01 8.829535841941833496e-01
7.776897549629211426e-01 5.538793206214904785e-01 8.246302008628845215e-01 6.045632958412170410e-01
7.779316306114196777e-01 5.790927410125732422e-01 8.262113928794860840e-01 6.296696066856384277e-01
4.034317135810852051e-01 3.802524209022521973e-01 6.054247021675109863e-01 5.526511669158935547e-01
7.987281680107116699e-01 4.013282656669616699e-01 7.995038032531738281e-01 4.042816162109375000e-01
1.535291969776153564e-01 5.750694870948791504e-02 1.000000000000000000e+00 9.980953931808471680e-01
3.999777734279632568e-01 4.381428658962249756e-01 6.084516644477844238e-01 6.451146602630615234e-01
5.593143701553344727e-01 4.456839859485626221e-01 7.676675915718078613e-01 6.437555551528930664e-01
7.917988896369934082e-01 4.082947075366973877e-01 7.925727367401123047e-01 4.113426506519317627e-01
1.723517179489135742e-01 4.827076196670532227e-01 2.251403033733367920e-01 5.285453796386718750e-01
7.146480679512023926e-01 4.094316661357879639e-01 7.296851277351379395e-01 4.275085330009460449e-01
6.446044445037841797e-01 6.151434779167175293e-01 6.904596090316772461e-01 6.576306819915771484e-01
7.987231612205505371e-01 4.082452058792114258e-01 7.995137572288513184e-01 4.113249480724334717e-01
7.259380817413330078e-01 6.077172756195068359e-01 7.720102071762084961e-01 6.556959748268127441e-01
6.472871899604797363e-01 4.179340898990631104e-01 6.949127912521362305e-01 4.454136788845062256e-01
6.179618835449218750e-01 4.374682605266571045e-01 6.685470342636108398e-01 4.714104235172271729e-01
7.777978777885437012e-01 5.284709930419921875e-01 8.244208693504333496e-01 5.790479183197021484e-01
7.131836414337158203e-01 4.229949712753295898e-01 7.302473187446594238e-01 4.409881234169006348e-01
6.709294915199279785e-01 6.129832267761230469e-01 7.174161076545715332e-01 6.565324068069458008e-01
7.511104941368103027e-01 5.068910121917724609e-01 7.968547940254211426e-01 5.555965900421142578e-01
3.481420874595642090e-02 4.744490981101989746e-02 9.393926858901977539e-01 9.374086856842041016e-01
1.741993576288223267e-01 4.530290365219116211e-01 2.255265563726425171e-01 5.021566748619079590e-01
2.196103632450103760e-01 4.772543907165527344e-01 2.793585658073425293e-01 5.272629261016845703e-01
4.047492742538452148e-01 2.794917225837707520e-01 6.068757772445678711e-01 4.481850564479827881e-01
7.917957901954650879e-01 3.946284353733062744e-01 7.925523519515991211e-01 3.973773419857025146e-01
1.606333851814270020e-01 5.774890184402465820e-01 1.712867766618728638e-01 5.898939371109008789e-01
4.054872989654541016e-01 3.370711207389831543e-01 6.072258949279785156e-01 5.029555559158325195e-01
5.901898741722106934e-01 4.882580041885375977e-01 6.440256237983703613e-01 5.284122228622436523e-01
7.288857102394104004e-01 4.094106554985046387e-01 7.428246736526489258e-01 4.272192716598510742e-01
6.179851889610290527e-01 4.606188535690307617e-01 6.696668267250061035e-01 4.998796582221984863e-01
8.056333661079406738e-01 4.013028740882873535e-01 8.064614534378051758e-01 4.044001102447509766e-01
1.739346385002136230e-01 5.773948431015014648e-01 1.850233078002929688e-01 5.898483991622924805e-01
8.056342005729675293e-01 4.082208573818206787e-01 8.064666390419006348e-01 4.115242958068847656e-01
1.239827498793601990e-01 5.542745590209960938e-01 1.247311234474182129e-01 5.569415092468261719e-01
2.223217338323593140e-01 4.502636492252349854e-01 2.794704437255859375e-01 5.021923780441284180e-01
7.274290919303894043e-01 4.229343235492706299e-01 7.433390617370605469e-01 4.407210946083068848e-01
1.239653676748275757e-01 5.610322356224060059e-01 1.247327998280525208e-01 5.637102127075195312e-01
2.016184329986572266e-01 5.362118482589721680e-01 2.135122567415237427e-01 5.489557385444641113e-01
1.707447469234466553e-01 5.124120712280273438e-01 2.251822799444198608e-01 5.559846758842468262e-01
3.500237166881561279e-01 2.685465514659881592e-01 5.677383542060852051e-01 4.452252089977264404e-01
1.937156617641448975e-01 5.080183744430541992e-01 2.526986896991729736e-01 5.549258589744567871e-01
6.985834836959838867e-01 4.223654568195343018e-01 7.179607748985290527e-01 4.428137540817260742e-01
7.987222671508789062e-01 4.150997698307037354e-01 7.995216250419616699e-01 4.183127284049987793e-01
1.609837412834167480e-01 5.643155574798583984e-01 1.713991165161132812e-01 5.762693881988525391e-01
2.019439339637756348e-01 5.082715153694152832e-01 2.141430824995040894e-01 5.207822918891906738e-01
4.551360607147216797e-01 3.494848906993865967e-01 6.571248769760131836e-01 5.093920230865478516e-01
1.604392081499099731e-01 5.910367965698242188e-01 1.714274287223815918e-01 6.034101247787475586e-01
2.018421441316604614e-01 5.222584009170532227e-01 2.139283418655395508e-01 5.349320173263549805e-01
1.309164166450500488e-01 5.610253214836120605e-01 1.316907554864883423e-01 5.637630224227905273e-01
3.478857576847076416e-01 3.201040625572204590e-01 5.687659978866577148e-01 4.995753169059753418e-01
7.987195849418640137e-01 3.945618271827697754e-01 7.994943857192993164e-01 3.973331153392791748e-01
6.197167038917541504e-01 4.173806905746459961e-01 6.684865951538085938e-01 4.449402391910552979e-01
3.966496884822845459e-01 2.151110172271728516e-01 6.094722747802734375e-01 3.911640048027038574e-01
7.000414133071899414e-01 4.084505140781402588e-01 7.174683213233947754e-01 4.296030402183532715e-01
1.308878362178802490e-01 5.678768157958984375e-01 1.317037492990493774e-01 5.708304047584533691e-01
7.006384134292602539e-01 4.131571650505065918e-01 7.493508458137512207e-01 4.481853544712066650e-01
2.154550701379776001e-01 5.222786068916320801e-01 2.270816117525100708e-01 5.348148345947265625e-01
1.738217324018478394e-01 5.911049246788024902e-01 1.850676536560058594e-01 6.034893393516540527e-01
2.019492387771606445e-01 4.943304955959320068e-01 2.139497697353363037e-01 5.068233013153076172e-01
2.010584473609924316e-01 4.240433871746063232e-01 2.533414959907531738e-01 4.775451421737670898e-01
7.917993664741516113e-01 4.151976704597473145e-01 7.925811409950256348e-01 4.183025062084197998e-01
1.741837114095687866e-01 5.639734864234924316e-01 1.852536350488662720e-01 5.764017701148986816e-01
8.056400418281555176e-01 4.150944650173187256e-01 8.064686655998229980e-01 4.184872508049011230e-01
2.155413627624511719e-01 5.083517432212829590e-01 2.274554818868637085e-01 5.209415555000305176e-01
1.239217892289161682e-01 5.678997039794921875e-01 1.247545108199119568e-01 5.708863735198974609e-01
7.425409555435180664e-01 4.224551916122436523e-01 7.559435367584228516e-01 4.407424628734588623e-01
1.099631860852241516e-01 5.480450391769409180e-01 1.112159490585327148e-01 5.497527122497558594e-01
5.899928212165832520e-01 5.883104801177978516e-01 6.475794315338134766e-01 6.326024532318115234e-01
3.459463417530059814e-01 4.380882680416107178e-01 5.646270513534545898e-01 6.497282385826110840e-01
2.188114374876022339e-01 5.048662424087524414e-01 2.807970941066741943e-01 5.539408922195434570e-01
2.011683285236358643e-01 5.496551394462585449e-01 2.132451832294464111e-01 5.627747178077697754e-01
3.475004434585571289e-01 3.972471356391906738e-01 5.636295080184936523e-01 5.986887216567993164e-01
5.816236734390258789e-01 4.308537244796752930e-01 6.425461173057556152e-01 4.692305922508239746e-01
1.237134039402008057e-01 5.478597879409790039e-01 1.251508593559265137e-01 5.496811270713806152e-01
1.884601414203643799e-01 5.082384943962097168e-01 2.004409432411193848e-01 5.207190513610839844e-01
1.884145438671112061e-01 4.942027926445007324e-01 2.001930922269821167e-01 5.067269206047058105e-01
2.152011692523956299e-01 5.361640453338623047e-01 2.269371300935745239e-01 5.487198233604431152e-01
1.882861852645874023e-01 5.364387631416320801e-01 2.000628560781478882e-01 5.491036772727966309e-01
3.465709090232849121e-01 3.599857091903686523e-01 5.676838159561157227e-01 5.496740341186523438e-01
1.164504513144493103e-01 6.310625672340393066e-01 1.182085126638412476e-01 6.330049633979797363e-01
7.520504593849182129e-01 6.055325865745544434e-01 7.997511625289916992e-01 6.556376814842224121e-01
1.309315264225006104e-01 5.542438030242919922e-01 1.316880136728286743e-01 5.570151209831237793e-01
2.154466360807418823e-01 4.944475889205932617e-01 2.275379747152328491e-01 5.070840120315551758e-01
7.802910208702087402e-01 6.061192154884338379e-01 8.271462917327880859e-01 6.562574505805969238e-01
1.879061162471771240e-01 5.499625205993652344e-01 1.996496319770812988e-01 5.628321170806884766e-01
7.918117046356201172e-01 3.878878653049468994e-01 7.925390005111694336e-01 3.904750347137451172e-01
5.518363714218139648e-01 3.997164368629455566e-01 7.688159942626953125e-01 5.709391236305236816e-01
1.240610182285308838e-01 5.407846570014953613e-01 1.247006505727767944e-01 5.432200431823730469e-01
1.164476126432418823e-01 6.241556406021118164e-01 1.182217374444007874e-01 6.261213421821594238e-01
2.293141037225723267e-01 5.222316980361938477e-01 2.405183166265487671e-01 5.346888899803161621e-01
2.010252624750137329e-01 5.633608102798461914e-01 2.129750698804855347e-01 5.765036344528198242e-01
1.308824419975280762e-01 5.749284625053405762e-01 1.317224949598312378e-01 5.779851675033569336e-01
1.101642996072769165e-01 5.412132740020751953e-01 1.111681461334228516e-01 5.427384972572326660e-01
5.997846722602844238e-01 4.407733678817749023e-01 8.238561153411865234e-01 6.461069583892822266e-01
7.260556221008300781e-01 4.349234998226165771e-01 7.442120909690856934e-01 4.555309414863586426e-01
7.438224554061889648e-01 4.093958735466003418e-01 7.554982304573059082e-01 4.268249869346618652e-01
5.088866353034973145e-01 3.605600297451019287e-01 7.091256380081176758e-01 5.184255242347717285e-01
8.125755190849304199e-01 4.151366055011749268e-01 8.134190440177917480e-01 4.186397492885589600e-01
1.168913394212722778e-01 5.479297637939453125e-01 1.181629523634910583e-01 5.497173666954040527e-01
2.441730499267578125e-01 4.733712077140808105e-01 3.096547126770019531e-01 5.272031426429748535e-01
1.875771433115005493e-01 5.772529244422912598e-01 1.990188658237457275e-01 5.898929238319396973e-01
2.459051311016082764e-01 4.450968801975250244e-01 3.100734651088714600e-01 5.026170015335083008e-01
2.293393015861511230e-01 5.083836913108825684e-01 2.407274693250656128e-01 5.209945440292358398e-01
8.125705122947692871e-01 4.082772433757781982e-01 8.134122490882873535e-01 4.116694629192352295e-01
1.617446541786193848e-01 5.757573843002319336e-01 1.701220273971557617e-01 5.917026996612548828e-01
5.906550288200378418e-01 4.188301563262939453e-01 8.335376977920532227e-01 6.150193214416503906e-01
7.298089265823364258e-01 4.328402876853942871e-01 7.700452804565429688e-01 4.749506413936614990e-01
1.884315460920333862e-01 5.223734974861145020e-01 2.004172503948211670e-01 5.349760055541992188e-01
1.482332050800323486e-01 5.758486986160278320e-01 1.563629508018493652e-01 5.918009281158447266e-01
1.877453476190567017e-01 5.635975599288940430e-01 1.993118673563003540e-01 5.764740705490112305e-01
1.474514901638031006e-01 5.776108503341674805e-01 1.576530188322067261e-01 5.899705886840820312e-01
1.239180862903594971e-01 5.749242901802062988e-01 1.247885376214981079e-01 5.781037211418151855e-01
1.345328986644744873e-01 5.758736133575439453e-01 1.424359977245330811e-01 5.917593836784362793e-01
8.125721812248229980e-01 4.013547897338867188e-01 8.134025931358337402e-01 4.045151472091674805e-01
5.838566422462463379e-01 4.571779668331146240e-01 6.432614326477050781e-01 4.973629117012023926e-01
2.947694659233093262e-01 3.039996027946472168e-01 5.324213504791259766e-01 5.014546513557434082e-01
1.309677064418792725e-01 5.407105684280395508e-01 1.316572576761245728e-01 5.432347059249877930e-01
4.521917402744293213e-01 2.852020263671875000e-01 6.561952233314514160e-01 4.527508616447448730e-01
2.262652367353439331e-01 4.226047396659851074e-01 2.792468070983886719e-01 4.775568842887878418e-01
1.164769232273101807e-01 6.102783679962158203e-01 1.182707026600837708e-01 6.123553514480590820e-01
1.164461299777030945e-01 6.172170639038085938e-01 1.182523071765899658e-01 6.192597746849060059e-01
4.852644801139831543e-01 5.130254626274108887e-01 4.870492815971374512e-01 5.147968530654907227e-01
7.121261954307556152e-01 4.354045689105987549e-01 7.308707833290100098e-01 4.556601941585540771e-01
1.240175738930702209e-01 5.475334525108337402e-01 1.247202903032302856e-01 5.501345396041870117e-01
1.235652640461921692e-01 5.546864271163940430e-01 1.251502186059951782e-01 5.566303133964538574e-01
1.743324249982833862e-01 5.502966642379760742e-01 1.856364607810974121e-01 5.629111528396606445e-01
2.291413247585296631e-01 5.361058712005615234e-01 2.405884712934494019e-01 5.485671162605285645e-01
7.797003984451293945e-01 5.041457414627075195e-01 8.256504535675048828e-01 5.546305775642395020e-01
6.106132864952087402e-01 4.297134578227996826e-01 6.668705344200134277e-01 4.700762927532196045e-01
2.008851170539855957e-01 5.769823193550109863e-01 2.128804177045822144e-01 5.900411605834960938e-01
4.922186136245727539e-01 5.129877924919128418e-01 4.940114021301269531e-01 5.148030519485473633e-01
1.618623733520507812e-01 5.627055764198303223e-01 1.700849086046218872e-01 5.778184533119201660e-01
1.309425383806228638e-01 5.474821925163269043e-01 1.316783726215362549e-01 5.501759648323059082e-01
1.164675951004028320e-01 6.032870411872863770e-01 1.183240115642547607e-01 6.055194735527038574e-01
7.304393649101257324e-01 3.965006172657012939e-01 7.428877949714660645e-01 4.143204391002655029e-01
7.987236976623535156e-01 3.877868950366973877e-01 7.994910478591918945e-01 3.904782533645629883e-01
2.716660499572753906e-01 4.430223405361175537e-01 3.396024405956268311e-01 5.012189745903015137e-01
1.472233831882476807e-01 5.911162495613098145e-01 1.578889042139053345e-01 6.034452319145202637e-01
8.049170970916748047e-01 5.793883204460144043e-01 8.541972637176513672e-01 6.312928795814514160e-01
5.618150234222412109e-01 5.392003059387207031e-01 6.198952198028564453e-01 5.810811519622802734e-01
2.148434370756149292e-01 5.497457981109619141e-01 2.267218381166458130e-01 5.624899268150329590e-01
1.096009612083435059e-01 6.033815741539001465e-01 1.113860160112380981e-01 6.054884791374206543e-01
7.987145781517028809e-01 4.219431579113006592e-01 7.995219826698303223e-01 4.253426790237426758e-01
1.603527069091796875e-01 6.048110127449035645e-01 1.716444194316864014e-01 6.170352101325988770e-01
1.095316559076309204e-01 6.241778731346130371e-01 1.113607287406921387e-01 6.261205673217773438e-01
6.608240604400634766e-01 4.557159841060638428e-01 7.194103598594665527e-01 4.978266656398773193e-01
