9.979579448699951172e-01
9.979370832443237305e-01
9.976358413696289062e-01
9.976188540458679199e-01
9.970598816871643066e-01
9.969649910926818848e-01
9.969143867492675781e-01
9.968947172164916992e-01
9.968034029006958008e-01
9.967519044876098633e-01
9.967306852340698242e-01
9.965247511863708496e-01
9.963793158531188965e-01
9.963641762733459473e-01
9.962282180786132812e-01
9.959651231765747070e-01
9.959428906440734863e-01
9.957566857337951660e-01
9.957128763198852539e-01
9.956818819046020508e-01
9.953239560127258301e-01
9.953135251998901367e-01
9.949482679367065430e-01
9.949303269386291504e-01
9.948110580444335938e-01
9.947938323020935059e-01
9.942712783813476562e-01
9.938238859176635742e-01
9.934273958206176758e-01
9.931896328926086426e-01
9.928615689277648926e-01
9.924773573875427246e-01
9.924606680870056152e-01
9.921209812164306641e-01
9.918234944343566895e-01
9.917770624160766602e-01
9.915215969085693359e-01
9.913809895515441895e-01
9.912509918212890625e-01
9.899811148643493652e-01
9.899298548698425293e-01
9.886739850044250488e-01
9.884722232818603516e-01
9.883322119712829590e-01
9.883077740669250488e-01
9.871329069137573242e-01
9.871168732643127441e-01
9.868331551551818848e-01
9.866922497749328613e-01
9.866073131561279297e-01
9.865921139717102051e-01
9.863693714141845703e-01
9.857062101364135742e-01
9.854426383972167969e-01
9.851849079132080078e-01
9.850744009017944336e-01
9.847640395164489746e-01
9.847509860992431641e-01
9.840880036354064941e-01
9.837269783020019531e-01
9.832018017768859863e-01
9.827424287796020508e-01
9.826477169990539551e-01
9.823410511016845703e-01
9.816491007804870605e-01
9.809807538986206055e-01
9.809695482254028320e-01
9.809366464614868164e-01
9.805542230606079102e-01
9.797400832176208496e-01
9.787806272506713867e-01
9.780584573745727539e-01
9.778775572776794434e-01
9.775201678276062012e-01
9.774676561355590820e-01
9.770983457565307617e-01
9.768713116645812988e-01
9.761646986007690430e-01
9.759185910224914551e-01
9.744480252265930176e-01
9.743396043777465820e-01
9.743123054504394531e-01
9.735077023506164551e-01
9.732173681259155273e-01
9.720083475112915039e-01
9.713649749755859375e-01
9.708381891250610352e-01
9.707413315773010254e-01
9.706601500511169434e-01
9.702202677726745605e-01
9.699381589889526367e-01
9.689962267875671387e-01
9.682698845863342285e-01
9.681571125984191895e-01
9.681421518325805664e-01
9.681243896484375000e-01
9.679641723632812500e-01
9.675611257553100586e-01
9.673398733139038086e-01
9.656101465225219727e-01
9.654387831687927246e-01
9.647291898727416992e-01
9.632521867752075195e-01
9.632070660591125488e-01
9.631765484809875488e-01
9.627472162246704102e-01
9.626457691192626953e-01
9.624112248420715332e-01
9.623074531555175781e-01
9.622274041175842285e-01
9.621365666389465332e-01
9.620241522789001465e-01
9.620103240013122559e-01
9.614092111587524414e-01
9.610927700996398926e-01
9.606227874755859375e-01
9.603676795959472656e-01
9.598596692085266113e-01
9.597910046577453613e-01
9.593210220336914062e-01
9.585068821907043457e-01
9.582080245018005371e-01
9.581192731857299805e-01
9.581010937690734863e-01
9.579462409019470215e-01
9.578902721405029297e-01
9.575744867324829102e-01
9.571619033813476562e-01
9.567077755928039551e-01
9.566993713378906250e-01
9.564202427864074707e-01
9.560294747352600098e-01
9.559024572372436523e-01
9.549291133880615234e-01
9.547451138496398926e-01
9.545168280601501465e-01
9.539377689361572266e-01
9.539248347282409668e-01
9.534887671470642090e-01
9.532094001770019531e-01
9.528623223304748535e-01
9.527571201324462891e-01
9.526739716529846191e-01
9.509894847869873047e-01
9.509098529815673828e-01
9.507274627685546875e-01
9.505532979965209961e-01
9.493298530578613281e-01
9.492412209510803223e-01
9.492279291152954102e-01
9.490782022476196289e-01
9.488794803619384766e-01
9.485989212989807129e-01
9.481737613677978516e-01
9.476398229598999023e-01
9.476036429405212402e-01
9.475262165069580078e-01
9.475225806236267090e-01
9.470590949058532715e-01
9.468837380409240723e-01
9.464082717895507812e-01
9.462941288948059082e-01
9.459653496742248535e-01
9.459630250930786133e-01
9.459505081176757812e-01
9.452715516090393066e-01
9.447751045227050781e-01
9.445079565048217773e-01
9.443843364715576172e-01
9.440309405326843262e-01
9.440286159515380859e-01
9.438861608505249023e-01
9.426401853561401367e-01
9.425812959671020508e-01
9.425099492073059082e-01
9.423786401748657227e-01
9.422252774238586426e-01
9.421454668045043945e-01
9.419307112693786621e-01
9.418681263923645020e-01
9.418100714683532715e-01
9.415356516838073730e-01
9.411496520042419434e-01
9.411013126373291016e-01
9.404289126396179199e-01
9.395856857299804688e-01
9.395440220832824707e-01
9.385403394699096680e-01
9.384745359420776367e-01
9.382384419441223145e-01
9.374887347221374512e-01
9.374072551727294922e-01
9.373555779457092285e-01
9.372657537460327148e-01
9.372624754905700684e-01
9.370685815811157227e-01
9.367205500602722168e-01
9.360067844390869141e-01
9.352094531059265137e-01
9.352094531059265137e-01
